
R 0.0
U 0.0
D 0.0
U 0.0
L 0.0
0.0  0.5  0.8  0.1  0.1  
0.1  0.0  0.5  0.5  0.5  
0.3  0.5  0.4  0.3  0.2  
0.3  0.1  0.7  0.8  0.2  
0.0  0.0  0.2  0.8  0.3  
[0.0]  0.0  0.0  0.5  0.1  
0.0  0.0  0.0  0.5  0.1  
0.0  0.0  0.0  0.2  0.0  

D 0.0
U 0.0
D 0.0
R 0.0
D 0.0
0.0  0.5  0.8  0.1  0.1  
0.1  0.0  0.5  0.5  0.5  
0.3  0.5  0.4  0.3  0.2  
0.3  0.1  0.7  0.8  0.2  
0.0  0.0  0.2  0.8  0.3  
0.0  0.0  0.0  0.5  0.1  
0.0  0.0  0.0  0.5  0.1  
0.0  [0.0]  0.0  0.2  0.0  

U 0.0
L 0.0
D 0.0
U 0.0
U 0.0
0.0  0.5  0.8  0.1  0.1  
0.1  0.0  0.5  0.5  0.5  
0.3  0.5  0.4  0.3  0.2  
0.3  0.1  0.7  0.8  0.2  
0.0  0.0  0.2  0.8  0.3  
[0.0]  0.0  0.0  0.5  0.1  
0.0  0.0  0.0  0.5  0.1  
0.0  0.0  0.0  0.2  0.0  

R 0.0
R 0.0
R 0.0
S 0.5
U 0.5
0.0  0.5  0.8  0.1  0.1  
0.1  0.0  0.5  0.5  0.5  
0.3  0.5  0.4  0.3  0.2  
0.3  0.1  0.7  0.8  0.2  
0.0  0.0  0.2  [0.8]  0.3  
0.0  0.0  0.0  0.0  0.1  
0.0  0.0  0.0  0.5  0.1  
0.0  0.0  0.0  0.2  0.0  

S 1.3
R 1.3
S 1.6
D 1.6
S 1.7
0.0  0.5  0.8  0.1  0.1  
0.1  0.0  0.5  0.5  0.5  
0.3  0.5  0.4  0.3  0.2  
0.3  0.1  0.7  0.8  0.2  
0.0  0.0  0.2  0.0  0.0  
0.0  0.0  0.0  0.0  [0.0]  
0.0  0.0  0.0  0.5  0.1  
0.0  0.0  0.0  0.2  0.0  

L 1.7
D 1.7
S 2.2
R 2.2
S 2.3
0.0  0.5  0.8  0.1  0.1  
0.1  0.0  0.5  0.5  0.5  
0.3  0.5  0.4  0.3  0.2  
0.3  0.1  0.7  0.8  0.2  
0.0  0.0  0.2  0.0  0.0  
0.0  0.0  0.0  0.0  0.0  
0.0  0.0  0.0  0.0  [0.0]  
0.0  0.0  0.0  0.2  0.0  


