
D 0.0 
U 0.0 
U 0.0 
R 0.0 
D 0.0 

0.0  0.5  0.8  0.1  0.1  
0.1  0.0  0.5  0.5  0.5  
0.3  0.5  0.4  0.3  0.2  
0.3  0.1  0.7  0.8  0.2  
0.0  0.0  0.2  0.8  0.3  
0.0  0.0  0.0  0.5  0.1  
0.0  [0.0]  0.0  0.5  0.1  
0.0  0.0  0.0  0.2  0.0  


R 0.0 
R 0.0 
S 0.5 
U 0.5 
S 1.0 

0.0  0.5  0.8  0.1  0.1  
0.1  0.0  0.5  0.5  0.5  
0.3  0.5  0.4  0.3  0.2  
0.3  0.1  0.7  0.8  0.2  
0.0  0.0  0.2  0.8  0.3  
0.0  0.0  0.0  [0.0]  0.1  
0.0  0.0  0.0  0.0  0.1  
0.0  0.0  0.0  0.2  0.0  


U 1.0 
S 1.8 
U 1.8 
S 2.6 
L 2.6 

0.0  0.5  0.8  0.1  0.1  
0.1  0.0  0.5  0.5  0.5  
0.3  0.5  0.4  0.3  0.2  
0.3  0.1  [0.7]  0.0  0.2  
0.0  0.0  0.2  0.0  0.3  
0.0  0.0  0.0  0.0  0.1  
0.0  0.0  0.0  0.0  0.1  
0.0  0.0  0.0  0.2  0.0  


S 3.3 
U 3.3 
S 3.7 
L 3.7 
S 4.2 

0.0  0.5  0.8  0.1  0.1  
0.1  0.0  0.5  0.5  0.5  
0.3  [0.0]  0.0  0.3  0.2  
0.3  0.1  0.0  0.0  0.2  
0.0  0.0  0.2  0.0  0.3  
0.0  0.0  0.0  0.0  0.1  
0.0  0.0  0.0  0.0  0.1  
0.0  0.0  0.0  0.2  0.0  


R 4.2 
U 4.2 
S 4.7 
U 4.7 
S 5.5 

0.0  0.5  [0.0]  0.1  0.1  
0.1  0.0  0.0  0.5  0.5  
0.3  0.0  0.0  0.3  0.2  
0.3  0.1  0.0  0.0  0.2  
0.0  0.0  0.2  0.0  0.3  
0.0  0.0  0.0  0.0  0.1  
0.0  0.0  0.0  0.0  0.1  
0.0  0.0  0.0  0.2  0.0  


R 5.5 
S 5.6 
D 5.6 
S 6.1 
R 6.1 

0.0  0.5  0.0  0.0  0.1  
0.1  0.0  0.0  0.0  [0.5]  
0.3  0.0  0.0  0.3  0.2  
0.3  0.1  0.0  0.0  0.2  
0.0  0.0  0.2  0.0  0.3  
0.0  0.0  0.0  0.0  0.1  
0.0  0.0  0.0  0.0  0.1  
0.0  0.0  0.0  0.2  0.0  


