
S 0.2
L 0.2
S 0.5
U 0.5
S 1.0
0.0  0.5  0.8  0.1  0.1  
0.1  0.0  0.5  [0.0]  0.5  
0.3  0.5  0.4  0.0  0.0  
0.3  0.1  0.7  0.8  0.2  
0.0  0.0  0.2  0.8  0.3  
0.0  0.0  0.0  0.5  0.1  
0.0  0.0  0.0  0.5  0.1  
0.0  0.0  0.0  0.2  0.0  

D 1.0
U 1.0
D 1.0
D 1.0
S 1.8
0.0  0.5  0.8  0.1  0.1  
0.1  0.0  0.5  0.0  0.5  
0.3  0.5  0.4  0.0  0.0  
0.3  0.1  0.7  [0.0]  0.2  
0.0  0.0  0.2  0.8  0.3  
0.0  0.0  0.0  0.5  0.1  
0.0  0.0  0.0  0.5  0.1  
0.0  0.0  0.0  0.2  0.0  

R 1.8
S 2.0
L 2.0
D 2.0
S 2.8
0.0  0.5  0.8  0.1  0.1  
0.1  0.0  0.5  0.0  0.5  
0.3  0.5  0.4  0.0  0.0  
0.3  0.1  0.7  0.0  0.0  
0.0  0.0  0.2  [0.0]  0.3  
0.0  0.0  0.0  0.5  0.1  
0.0  0.0  0.0  0.5  0.1  
0.0  0.0  0.0  0.2  0.0  

L 2.8
S 3.0
U 3.0
S 3.7
U 3.7
0.0  0.5  0.8  0.1  0.1  
0.1  0.0  0.5  0.0  0.5  
0.3  0.5  [0.4]  0.0  0.0  
0.3  0.1  0.0  0.0  0.0  
0.0  0.0  0.0  0.0  0.3  
0.0  0.0  0.0  0.5  0.1  
0.0  0.0  0.0  0.5  0.1  
0.0  0.0  0.0  0.2  0.0  

S 4.1
D 4.1
L 4.1
S 4.2
R 4.2
0.0  0.5  0.8  0.1  0.1  
0.1  0.0  0.5  0.0  0.5  
0.3  0.5  0.0  0.0  0.0  
0.3  0.0  [0.0]  0.0  0.0  
0.0  0.0  0.0  0.0  0.3  
0.0  0.0  0.0  0.5  0.1  
0.0  0.0  0.0  0.5  0.1  
0.0  0.0  0.0  0.2  0.0  

L 4.2
L 4.2
S 4.5
U 4.5
S 4.8
0.0  0.5  0.8  0.1  0.1  
0.1  0.0  0.5  0.0  0.5  
[0.0]  0.5  0.0  0.0  0.0  
0.0  0.0  0.0  0.0  0.0  
0.0  0.0  0.0  0.0  0.3  
0.0  0.0  0.0  0.5  0.1  
0.0  0.0  0.0  0.5  0.1  
0.0  0.0  0.0  0.2  0.0  


