
S 0.2 
U 0.2 
S 0.7 
L 0.7 
S 1.2 

0.0  0.5  0.8  0.1  0.1  
0.1  0.0  0.5  [0.0]  0.0  
0.3  0.5  0.4  0.3  0.0  
0.3  0.1  0.7  0.8  0.2  
0.0  0.0  0.2  0.8  0.3  
0.0  0.0  0.0  0.5  0.1  
0.0  0.0  0.0  0.5  0.1  
0.0  0.0  0.0  0.2  0.0  


L 1.2 
S 1.7 
U 1.7 
S 2.5 
L 2.5 

0.0  [0.5]  0.0  0.1  0.1  
0.1  0.0  0.0  0.0  0.0  
0.3  0.5  0.4  0.3  0.0  
0.3  0.1  0.7  0.8  0.2  
0.0  0.0  0.2  0.8  0.3  
0.0  0.0  0.0  0.5  0.1  
0.0  0.0  0.0  0.5  0.1  
0.0  0.0  0.0  0.2  0.0  


S 3.0 
D 3.0 
D 3.0 
S 3.5 
R 3.5 

0.0  0.0  0.0  0.1  0.1  
0.1  0.0  0.0  0.0  0.0  
0.3  0.0  [0.4]  0.3  0.0  
0.3  0.1  0.7  0.8  0.2  
0.0  0.0  0.2  0.8  0.3  
0.0  0.0  0.0  0.5  0.1  
0.0  0.0  0.0  0.5  0.1  
0.0  0.0  0.0  0.2  0.0  


S 3.9 
D 3.9 
S 4.6 
R 4.6 
S 5.4 

0.0  0.0  0.0  0.1  0.1  
0.1  0.0  0.0  0.0  0.0  
0.3  0.0  0.0  0.3  0.0  
0.3  0.1  0.0  [0.0]  0.2  
0.0  0.0  0.2  0.8  0.3  
0.0  0.0  0.0  0.5  0.1  
0.0  0.0  0.0  0.5  0.1  
0.0  0.0  0.0  0.2  0.0  


D 5.4 
S 6.2 
D 6.2 
S 6.7 
D 6.7 

0.0  0.0  0.0  0.1  0.1  
0.1  0.0  0.0  0.0  0.0  
0.3  0.0  0.0  0.3  0.0  
0.3  0.1  0.0  0.0  0.2  
0.0  0.0  0.2  0.0  0.3  
0.0  0.0  0.0  0.0  0.1  
0.0  0.0  0.0  [0.5]  0.1  
0.0  0.0  0.0  0.2  0.0  


S 7.2 
U 7.2 
U 7.2 
R 7.2 
S 7.5 

0.0  0.0  0.0  0.1  0.1  
0.1  0.0  0.0  0.0  0.0  
0.3  0.0  0.0  0.3  0.0  
0.3  0.1  0.0  0.0  0.2  
0.0  0.0  0.2  0.0  [0.0]  
0.0  0.0  0.0  0.0  0.1  
0.0  0.0  0.0  0.0  0.1  
0.0  0.0  0.0  0.2  0.0  


